# 90 points (row-major): r=0..9 top->bottom, c=0..8 left->right
954.98 200.14
3374.19 260.94
377.32 185.62
452.44 187.51
1423.67 211.92
796.49 196.16
1815.11 221.76
1495.54 213.72
572.73 190.53
1307.33 145.86
-39640.36 1542.22
381.41 177.43
457.83 174.83
1834.57 127.88
871.65 160.71
2417.18 108.01
1844.36 127.54
578.65 170.71
755.76 230.83
907.13 334.43
456.88 26.26
506.51 60.23
888.16 321.44
742.39 221.67
974.54 380.57
933.61 352.56
593.80 119.97
611.27 253.09
2219.14 295.35
347.11 246.15
426.64 248.24
1152.79 267.32
672.36 254.69
1522.51 277.04
1266.51 270.31
554.50 251.60
302.54 300.65
546.83 345.16
318.45 303.55
397.06 317.87
666.02 366.88
499.00 336.45
859.96 402.21
786.67 388.86
527.62 341.66
564.98 260.22
2328.02 292.10
342.09 256.19
422.64 257.65
1136.93 270.56
657.11 261.89
1520.10 277.49
1256.71 272.73
552.00 259.99
258.74 307.40
548.46 345.11
313.00 314.46
394.03 325.01
685.33 362.93
495.30 338.19
911.83 392.41
820.45 380.52
527.40 342.37
211.20 314.72
960.90 332.83
311.66 317.15
396.50 319.20
846.07 330.05
528.81 322.39
1197.04 338.53
1008.79 333.98
533.33 322.50
86.95 333.86
214.01 355.07
286.68 367.20
370.18 381.14
494.67 401.92
395.32 385.34
689.42 434.43
637.38 425.75
508.92 404.30
168.97 321.23
960.31 332.84
308.60 323.28
394.23 324.53
840.99 331.09
520.34 326.39
1207.90 336.48
1010.43 333.58
532.12 326.56
