# 90 points (row-major): r=0..9 top->bottom, c=0..8 left->right
770.54 211.80
834.60 222.55
1328.87 305.52
930.08 238.58
948.43 241.66
1024.23 254.39
1602.08 351.38
1118.13 270.15
1210.72 285.69
822.13 31.87
870.45 40.58
1585.84 169.46
949.20 54.77
975.31 59.47
1026.69 68.73
1847.49 216.60
1104.92 82.82
1181.58 96.63
823.43 27.33
871.35 36.00
1591.78 166.31
949.68 50.16
975.98 54.92
1026.75 64.10
1853.01 213.57
1104.59 78.19
1180.87 91.98
820.93 36.07
869.39 45.99
1554.33 186.14
948.43 62.16
974.14 67.42
1026.56 78.15
1808.32 238.12
1105.73 94.35
1183.69 110.30
749.77 284.27
820.18 295.72
1223.45 361.34
922.41 312.36
937.63 314.83
1023.25 328.76
1501.56 406.59
1123.41 345.06
1222.35 361.16
745.55 298.98
817.15 311.14
1196.64 375.54
920.70 328.71
935.22 331.17
1023.02 346.07
1472.78 422.40
1124.70 363.33
1225.31 380.40
703.85 444.42
776.44 517.76
828.57 570.42
889.19 631.66
890.66 633.15
1017.53 761.31
960.53 703.73
1163.13 908.40
1333.14 1080.15
731.39 348.34
807.42 360.52
1128.05 411.85
915.59 377.83
928.04 379.83
1022.37 394.93
1409.84 456.96
1128.12 411.86
1232.74 428.61
710.96 419.61
793.27 432.32
1022.52 467.73
908.08 450.06
917.46 451.50
1021.41 467.56
1309.52 512.06
1133.27 484.84
1244.04 501.95
687.77 500.49
775.85 520.72
878.08 544.21
897.81 548.74
902.94 549.92
1019.97 576.80
1141.00 604.61
1141.72 604.77
1264.22 632.92
