# 90 points (row-major): r=0..9 top->bottom, c=0..8 left->right
586.69 446.86
457.28 440.37
608.19 447.93
549.15 444.97
639.77 449.52
707.48 452.91
728.70 453.98
818.83 458.49
883.46 461.73
588.66 483.66
442.07 475.36
536.47 480.70
536.75 480.72
630.25 486.02
703.14 490.15
722.12 491.22
815.29 496.50
882.21 500.29
595.09 603.53
399.40 573.49
349.99 565.91
499.27 588.82
599.42 604.19
688.27 617.83
699.47 619.55
802.34 635.34
877.47 646.87
591.98 545.59
415.59 536.26
414.96 536.23
515.66 541.55
614.40 546.77
696.05 551.09
711.41 551.90
809.64 557.09
880.25 560.83
545.55 -320.43
729.87 -186.54
1219.09 168.80
760.42 -164.35
793.65 -140.22
777.89 -151.66
829.04 -114.51
869.53 -85.10
900.41 -62.67
595.69 614.67
386.01 604.30
277.70 598.94
492.08 609.54
596.67 614.72
688.11 619.24
699.43 619.80
803.31 624.94
878.06 628.64
596.90 637.29
376.35 626.51
232.72 619.50
484.37 631.79
590.86 637.00
685.50 641.62
695.49 642.11
801.23 647.28
877.34 651.00
598.63 669.60
364.35 654.11
183.17 642.14
474.12 661.37
582.63 668.54
681.61 675.08
689.58 675.61
797.92 682.77
876.14 687.94
599.81 691.54
353.07 680.05
123.57 669.36
465.82 685.30
576.91 690.47
679.26 695.24
686.05 695.55
796.25 700.68
875.61 704.38
601.28 718.95
338.58 713.37
41.10 707.05
455.23 715.85
569.65 718.28
676.31 720.54
681.62 720.66
794.16 723.05
874.95 724.76
